389150, 435050, 6.10829, 
389250, 435050, 4.19525, 
389350, 435050, 4.2243, 
389450, 435050, 4.76565, 
389550, 435050, 5.89627, 
389650, 435050, 4.67654, 
389750, 435050, 4.40211, 
389850, 435050, 5.06881, 
389950, 435050, 3.70161, 
390050, 435050, 9.32047, 
390150, 435050, 10.9969, 
390250, 435050, 8.90054, 
390350, 435050, 8.22133, 
390450, 435050, 9.71351, 
390550, 435050, 8.24056, 
390650, 435050, 8.14278, 
390750, 435050, 6.43837, 
390850, 435050, 7.8695, 
390950, 435050, 7.45748, 
391050, 435050, 4.13782, 
391150, 435050, 3.43146, 
391250, 435050, 3.63729, 
391350, 435050, 3.44877, 
391450, 435050, 4.93906, 
391550, 435050, 1.56054, 
391650, 435050, 1.93806, 
391750, 435050, 1.87682, 
391850, 435050, 2.01378, 
391950, 435050, 4.05027, 
392050, 435050, 1.92638, 
392150, 435050, 2.73654, 
392250, 435050, 2.94978, 
392350, 435050, 3.01164, 
392450, 435050, 2.40054, 
392550, 435050, 2.40617, 
392650, 435050, 2.23713, 
392750, 435050, 1.73872, 
392850, 435050, 1.69178, 
392950, 435050, 3.16457, 
393050, 435050, 3.02478, 
393150, 435050, 2.11192, 
393250, 435050, 2.06693, 
393350, 435050, 2.60457, 
393450, 435050, 2.27317, 
393550, 435050, 0.48656, 
393650, 435050, 1.25829, 
389150, 435150, 4.54939, 
389250, 435150, 4.27225, 
389350, 435150, 3.2641, 
389450, 435150, 3.18585, 
389550, 435150, 4.34775, 
389650, 435150, 4.41577, 
389750, 435150, 2.60522, 
389850, 435150, 2.266, 
389950, 435150, 2.88134, 
390050, 435150, 3.11565, 
390150, 435150, 4.96708, 
390250, 435150, 8.51475, 
390350, 435150, 8.08287, 
390450, 435150, 4.77912, 
390550, 435150, 5.903, 
390650, 435150, 6.20632, 
390750, 435150, 5.48269, 
390850, 435150, 6.23245, 
390950, 435150, 5.27705, 
391050, 435150, 7.11416, 
391150, 435150, 5.05906, 
391250, 435150, 2.77674, 
391350, 435150, 2.52499, 
391450, 435150, 4.569, 
391550, 435150, 2.90168, 
391650, 435150, 0.949592, 
391750, 435150, 2.37267, 
391850, 435150, 1.39451, 
391950, 435150, 3.75427, 
392050, 435150, 2.79061, 
392150, 435150, 2.71057, 
392250, 435150, 3.34808, 
392350, 435150, 3.76689, 
392450, 435150, 6.67152, 
392550, 435150, 5.86352, 
392650, 435150, 3.18015, 
392750, 435150, 3.25907, 
392850, 435150, 2.96147, 
392950, 435150, 3.09437, 
393050, 435150, 2.53437, 
393150, 435150, 2.04971, 
393250, 435150, 1.78473, 
393350, 435150, 1.6593, 
393450, 435150, 2.34295, 
393550, 435150, 2.85924, 
393650, 435150, 2.22954, 
389150, 435250, 1.80896, 
389250, 435250, 1.09791, 
389350, 435250, 1.8126, 
389450, 435250, 2.36779, 
389550, 435250, 2.61966, 
389650, 435250, 1.53971, 
389750, 435250, 1.50321, 
389850, 435250, 2.15716, 
389950, 435250, 3.68178, 
390050, 435250, 1.62692, 
390150, 435250, 1.7575, 
390250, 435250, 0.817477, 
390350, 435250, 2.67607, 
390450, 435250, 4.93934, 
390550, 435250, 2.17186, 
390650, 435250, 3.22212, 
390750, 435250, 2.82625, 
390850, 435250, 2.20084, 
390950, 435250, 2.29575, 
391050, 435250, 7.7466, 
391150, 435250, 4.36181, 
391250, 435250, 3.6061, 
391350, 435250, 1.27271, 
391450, 435250, 3.12469, 
391550, 435250, 5.12894, 
391650, 435250, 2.05996, 
391750, 435250, 2.41553, 
391850, 435250, 2.47877, 
391950, 435250, 2.3685, 
392050, 435250, 3.22504, 
392150, 435250, 3.75469, 
392250, 435250, 2.28205, 
392350, 435250, 3.64785, 
392450, 435250, 2.98511, 
392550, 435250, 4.48973, 
392650, 435250, 9.42115, 
392750, 435250, 6.16731, 
392850, 435250, 4.07903, 
392950, 435250, 3.41112, 
393050, 435250, 3.0024, 
393150, 435250, 2.56182, 
393250, 435250, 1.63937, 
393350, 435250, 1.57591, 
393450, 435250, 2.10853, 
393550, 435250, 3.09398, 
393650, 435250, 0.98734, 
389150, 435350, 2.12166, 
389250, 435350, 1.63666, 
389350, 435350, 1.08539, 
389450, 435350, 2.72697, 
389550, 435350, 2.03141, 
389650, 435350, 1.198, 
389750, 435350, 0.967691, 
389850, 435350, 1.49567, 
389950, 435350, 1.87396, 
390050, 435350, 2.45802, 
390150, 435350, 1.44107, 
390250, 435350, 3.21583, 
390350, 435350, 4.37993, 
390450, 435350, 3.60556, 
390550, 435350, 1.66431, 
390650, 435350, 1.14824, 
390750, 435350, 2.67593, 
390850, 435350, 2.76924, 
390950, 435350, 1.05917, 
391050, 435350, 5.09893, 
391150, 435350, 7.45546, 
391250, 435350, 2.21858, 
391350, 435350, 1.19632, 
391450, 435350, 2.16424, 
391550, 435350, 4.40282, 
391650, 435350, 3.33927, 
391750, 435350, 2.85899, 
391850, 435350, 3.21558, 
391950, 435350, 2.50289, 
392050, 435350, 3.61247, 
392150, 435350, 5.65312, 
392250, 435350, 3.19575, 
392350, 435350, 2.022, 
392450, 435350, 2.17497, 
392550, 435350, 3.29897, 
392650, 435350, 4.25744, 
392750, 435350, 8.96201, 
392850, 435350, 8.51817, 
392950, 435350, 4.97468, 
393050, 435350, 3.86866, 
393150, 435350, 3.28156, 
393250, 435350, 2.72148, 
393350, 435350, 2.21326, 
393450, 435350, 1.95178, 
393550, 435350, 1.33739, 
393650, 435350, 2.45175, 
389150, 435450, 2.11541, 
389250, 435450, 1.67131, 
389350, 435450, 1.72043, 
389450, 435450, 2.3976, 
389550, 435450, 1.52244, 
389650, 435450, 0.939154, 
389750, 435450, 0.940981, 
389850, 435450, 1.47671, 
389950, 435450, 2.36609, 
390050, 435450, 1.55724, 
390150, 435450, 2.72839, 
390250, 435450, 2.06267, 
390350, 435450, 4.41436, 
390450, 435450, 2.42844, 
390550, 435450, 1.84676, 
390650, 435450, 2.14381, 
390750, 435450, 2.75439, 
390850, 435450, 2.84609, 
390950, 435450, 1.45076, 
391050, 435450, 3.60954, 
391150, 435450, 6.4658, 
391250, 435450, 4.19986, 
391350, 435450, 2.73965, 
391450, 435450, 1.88383, 
391550, 435450, 3.42807, 
391650, 435450, 4.53209, 
391750, 435450, 3.08562, 
391850, 435450, 3.05764, 
391950, 435450, 3.36164, 
392050, 435450, 3.91503, 
392150, 435450, 5.55956, 
392250, 435450, 5.71468, 
392350, 435450, 3.45748, 
392450, 435450, 1.95222, 
392550, 435450, 3.10073, 
392650, 435450, 3.17046, 
392750, 435450, 2.85117, 
392850, 435450, 6.82487, 
392950, 435450, 7.82303, 
393050, 435450, 5.02411, 
393150, 435450, 4.62476, 
393250, 435450, 4.28613, 
393350, 435450, 3.64831, 
393450, 435450, 1.87354, 
393550, 435450, 0.673365, 
393650, 435450, 0.659492, 
389150, 435550, 2.37131, 
389250, 435550, 2.01563, 
389350, 435550, 1.39447, 
389450, 435550, 2.55988, 
389550, 435550, 1.03469, 
389650, 435550, 0.507042, 
389750, 435550, 0.797383, 
389850, 435550, 2.01625, 
389950, 435550, 1.06706, 
390050, 435550, 2.91688, 
390150, 435550, 3.57073, 
390250, 435550, 3.57344, 
390350, 435550, 3.25578, 
390450, 435550, 1.83405, 
390550, 435550, 2.03821, 
390650, 435550, 2.16545, 
390750, 435550, 2.2091, 
390850, 435550, 3.2159, 
390950, 435550, 3.04808, 
391050, 435550, 3.23168, 
391150, 435550, 5.25162, 
391250, 435550, 4.54552, 
391350, 435550, 2.70979, 
391450, 435550, 1.94294, 
391550, 435550, 2.98313, 
391650, 435550, 4.61261, 
391750, 435550, 4.30981, 
391850, 435550, 3.43187, 
391950, 435550, 3.52015, 
392050, 435550, 3.60866, 
392150, 435550, 6.23124, 
392250, 435550, 7.86017, 
392350, 435550, 5.73488, 
392450, 435550, 3.21245, 
392550, 435550, 3.40225, 
392650, 435550, 2.95932, 
392750, 435550, 2.20985, 
392850, 435550, 1.70615, 
392950, 435550, 6.12196, 
393050, 435550, 7.06001, 
393150, 435550, 4.0916, 
393250, 435550, 2.56189, 
393350, 435550, 2.00857, 
393450, 435550, 1.79174, 
393550, 435550, 1.09153, 
393650, 435550, 0.790493, 
389150, 435650, 2.12604, 
389250, 435650, 2.47156, 
389350, 435650, 1.33795, 
389450, 435650, 1.77046, 
389550, 435650, 0.618707, 
389650, 435650, 1.23739, 
389750, 435650, 0.997636, 
389850, 435650, 2.24234, 
389950, 435650, 1.51444, 
390050, 435650, 3.1936, 
390150, 435650, 4.49203, 
390250, 435650, 4.03008, 
390350, 435650, 2.56134, 
390450, 435650, 1.88818, 
390550, 435650, 2.44312, 
390650, 435650, 2.38642, 
390750, 435650, 1.82772, 
390850, 435650, 1.76304, 
390950, 435650, 4.2718, 
391050, 435650, 3.88247, 
391150, 435650, 4.25339, 
391250, 435650, 5.15059, 
391350, 435650, 2.63247, 
391450, 435650, 2.39635, 
391550, 435650, 2.29645, 
391650, 435650, 3.58072, 
391750, 435650, 4.65769, 
391850, 435650, 3.80392, 
391950, 435650, 3.56824, 
392050, 435650, 3.21572, 
392150, 435650, 4.65205, 
392250, 435650, 8.8704, 
392350, 435650, 8.10809, 
392450, 435650, 5.96988, 
392550, 435650, 3.75366, 
392650, 435650, 4.15037, 
392750, 435650, 3.91027, 
392850, 435650, 3.4087, 
392950, 435650, 4.12753, 
393050, 435650, 1.17681, 
393150, 435650, 4.79968, 
393250, 435650, 2.47397, 
393350, 435650, 1.83202, 
393450, 435650, 1.76916, 
393550, 435650, 1.99404, 
393650, 435650, 0.910003, 
389150, 435750, 2.14109, 
389250, 435750, 2.31872, 
389350, 435750, 2.5496, 
389450, 435750, 1.90113, 
389550, 435750, 1.21185, 
389650, 435750, 1.04218, 
389750, 435750, 0.878008, 
389850, 435750, 2.52043, 
389950, 435750, 4.23474, 
390050, 435750, 3.82405, 
390150, 435750, 2.72925, 
390250, 435750, 2.30187, 
390350, 435750, 2.0301, 
390450, 435750, 1.65929, 
390550, 435750, 2.79407, 
390650, 435750, 1.95906, 
390750, 435750, 1.7459, 
390850, 435750, 3.79374, 
390950, 435750, 3.07032, 
391050, 435750, 2.971, 
391150, 435750, 4.05439, 
391250, 435750, 3.69115, 
391350, 435750, 2.11856, 
391450, 435750, 1.69143, 
391550, 435750, 3.5447, 
391650, 435750, 3.27636, 
391750, 435750, 4.55479, 
391850, 435750, 5.44437, 
391950, 435750, 4.24685, 
392050, 435750, 3.28788, 
392150, 435750, 4.08592, 
392250, 435750, 7.2071, 
392350, 435750, 9.58729, 
392450, 435750, 8.89073, 
392550, 435750, 7.0568, 
392650, 435750, 5.72096, 
392750, 435750, 5.11876, 
392850, 435750, 5.25192, 
392950, 435750, 4.1652, 
393050, 435750, 4.93716, 
393150, 435750, 2.70663, 
393250, 435750, 3.62639, 
393350, 435750, 1.98714, 
393450, 435750, 1.93839, 
393550, 435750, 1.39668, 
393650, 435750, 1.26571, 
389150, 435850, 2.91419, 
389250, 435850, 3.07821, 
389350, 435850, 3.83741, 
389450, 435850, 3.89219, 
389550, 435850, 3.27053, 
389650, 435850, 2.20986, 
389750, 435850, 1.62056, 
389850, 435850, 2.49239, 
389950, 435850, 3.72462, 
390050, 435850, 1.07962, 
390150, 435850, 2.15611, 
390250, 435850, 1.97375, 
390350, 435850, 3.22859, 
390450, 435850, 2.53448, 
390550, 435850, 2.37238, 
390650, 435850, 3.23284, 
390750, 435850, 3.10142, 
390850, 435850, 2.16257, 
390950, 435850, 2.41258, 
391050, 435850, 2.83972, 
391150, 435850, 3.91957, 
391250, 435850, 3.86767, 
391350, 435850, 0.924707, 
391450, 435850, 0.821264, 
391550, 435850, 5.10918, 
391650, 435850, 4.06634, 
391750, 435850, 3.35313, 
391850, 435850, 5.07286, 
391950, 435850, 4.95706, 
392050, 435850, 4.05684, 
392150, 435850, 3.99176, 
392250, 435850, 5.74668, 
392350, 435850, 8.37652, 
392450, 435850, 8.85973, 
392550, 435850, 6.65405, 
392650, 435850, 6.77541, 
392750, 435850, 5.23111, 
392850, 435850, 4.25528, 
392950, 435850, 3.61026, 
393050, 435850, 4.38933, 
393150, 435850, 5.2578, 
393250, 435850, 3.7785, 
393350, 435850, 2.29827, 
393450, 435850, 1.67844, 
393550, 435850, 0.718798, 
393650, 435850, 1.23529, 
389150, 435950, 2.39456, 
389250, 435950, 3.45731, 
389350, 435950, 3.30877, 
389450, 435950, 5.89975, 
389550, 435950, 4.93723, 
389650, 435950, 1.56567, 
389750, 435950, 2.88188, 
389850, 435950, 3.54126, 
389950, 435950, 2.47828, 
390050, 435950, 2.3896, 
390150, 435950, 1.23345, 
390250, 435950, 4.64888, 
390350, 435950, 5.55426, 
390450, 435950, 2.16543, 
390550, 435950, 2.81033, 
390650, 435950, 3.16072, 
390750, 435950, 1.46071, 
390850, 435950, 1.63498, 
390950, 435950, 1.39469, 
391050, 435950, 2.57596, 
391150, 435950, 4.65302, 
391250, 435950, 3.0398, 
391350, 435950, 2.0666, 
391450, 435950, 1.48494, 
391550, 435950, 3.62083, 
391650, 435950, 4.42987, 
391750, 435950, 4.04948, 
391850, 435950, 5.59972, 
391950, 435950, 6.78278, 
392050, 435950, 4.53495, 
392150, 435950, 4.29322, 
392250, 435950, 6.1535, 
392350, 435950, 8.96213, 
392450, 435950, 8.77541, 
392550, 435950, 8.18541, 
392650, 435950, 7.66949, 
392750, 435950, 7.2282, 
392850, 435950, 5.56825, 
392950, 435950, 4.164, 
393050, 435950, 3.9701, 
393150, 435950, 3.94108, 
393250, 435950, 4.05816, 
393350, 435950, 0.844745, 
393450, 435950, 1.93516, 
393550, 435950, 2.07801, 
393650, 435950, 0.70762, 
389150, 436050, 2.69022, 
389250, 436050, 2.82127, 
389350, 436050, 2.84578, 
389450, 436050, 4.91489, 
389550, 436050, 5.30244, 
389650, 436050, 2.63416, 
389750, 436050, 2.91975, 
389850, 436050, 2.4464, 
389950, 436050, 1.962, 
390050, 436050, 2.0507, 
390150, 436050, 2.18205, 
390250, 436050, 2.37824, 
390350, 436050, 4.32631, 
390450, 436050, 0.265879, 
390550, 436050, 1.21651, 
390650, 436050, 1.57576, 
390750, 436050, 2.4425, 
390850, 436050, 2.06757, 
390950, 436050, 1.77685, 
391050, 436050, 2.82348, 
391150, 436050, 4.28067, 
391250, 436050, 1.75924, 
391350, 436050, 1.82243, 
391450, 436050, 1.23631, 
391550, 436050, 3.1067, 
391650, 436050, 7.07745, 
391750, 436050, 3.682, 
391850, 436050, 3.68367, 
391950, 436050, 5.01778, 
392050, 436050, 4.25818, 
392150, 436050, 3.74035, 
392250, 436050, 4.06804, 
392350, 436050, 7.87385, 
392450, 436050, 10.0545, 
392550, 436050, 8.45389, 
392650, 436050, 8.85229, 
392750, 436050, 9.08891, 
392850, 436050, 7.29731, 
392950, 436050, 5.68636, 
393050, 436050, 4.27664, 
393150, 436050, 3.17495, 
393250, 436050, 3.16085, 
393350, 436050, 4.35405, 
393450, 436050, 1.47949, 
393550, 436050, 1.77994, 
393650, 436050, 1.34701, 
389150, 436150, 5.8513, 
389250, 436150, 5.94015, 
389350, 436150, 8.45708, 
389450, 436150, 6.13576, 
389550, 436150, 6.02916, 
389650, 436150, 5.19329, 
389750, 436150, 2.95698, 
389850, 436150, 2.41331, 
389950, 436150, 2.96211, 
390050, 436150, 3.59607, 
390150, 436150, 2.58316, 
390250, 436150, 2.20863, 
390350, 436150, 2.62306, 
390450, 436150, 1.93501, 
390550, 436150, 2.58175, 
390650, 436150, 2.06302, 
390750, 436150, 2.06104, 
390850, 436150, 1.9002, 
390950, 436150, 1.30296, 
391050, 436150, 1.46192, 
391150, 436150, 3.42081, 
391250, 436150, 3.47335, 
391350, 436150, 2.03122, 
391450, 436150, 2.01842, 
391550, 436150, 3.85099, 
391650, 436150, 6.5947, 
391750, 436150, 3.35359, 
391850, 436150, 2.96254, 
391950, 436150, 5.12797, 
392050, 436150, 3.50591, 
392150, 436150, 3.60285, 
392250, 436150, 3.66119, 
392350, 436150, 4.1236, 
392450, 436150, 8.61326, 
392550, 436150, 10.2523, 
392650, 436150, 7.31048, 
392750, 436150, 7.25128, 
392850, 436150, 7.81763, 
392950, 436150, 6.11147, 
393050, 436150, 4.81005, 
393150, 436150, 3.66161, 
393250, 436150, 2.72579, 
393350, 436150, 4.29782, 
393450, 436150, 6.21561, 
393550, 436150, 5.11934, 
393650, 436150, 4.13835, 
389150, 436250, 6.97855, 
389250, 436250, 6.42106, 
389350, 436250, 5.71182, 
389450, 436250, 6.88665, 
389550, 436250, 7.96543, 
389650, 436250, 6.38058, 
389750, 436250, 6.52953, 
389850, 436250, 8.73807, 
389950, 436250, 7.81119, 
390050, 436250, 4.39227, 
390150, 436250, 3.15631, 
390250, 436250, 0.544696, 
390350, 436250, 2.49993, 
390450, 436250, 2.55421, 
390550, 436250, 2.57141, 
390650, 436250, 1.92066, 
390750, 436250, 2.30501, 
390850, 436250, 1.54582, 
390950, 436250, 1.26969, 
391050, 436250, 2.44663, 
391150, 436250, 1.70123, 
391250, 436250, 2.73753, 
391350, 436250, 3.12346, 
391450, 436250, 4.08348, 
391550, 436250, 7.07546, 
391650, 436250, 5.73807, 
391750, 436250, 2.65473, 
391850, 436250, 4.03763, 
391950, 436250, 3.28993, 
392050, 436250, 5.38641, 
392150, 436250, 4.46857, 
392250, 436250, 4.20667, 
392350, 436250, 4.94116, 
392450, 436250, 6.67561, 
392550, 436250, 9.23675, 
392650, 436250, 7.54051, 
392750, 436250, 6.98112, 
392850, 436250, 7.58442, 
392950, 436250, 7.02155, 
393050, 436250, 6.38546, 
393150, 436250, 5.67445, 
393250, 436250, 4.70033, 
393350, 436250, 4.13838, 
393450, 436250, 4.51572, 
393550, 436250, 6.48614, 
393650, 436250, 6.36415, 
389150, 436350, 9.43739, 
389250, 436350, 10.1446, 
389350, 436350, 10.75, 
389450, 436350, 8.59377, 
389550, 436350, 4.08035, 
389650, 436350, 5.499, 
389750, 436350, 5.03213, 
389850, 436350, 5.83551, 
389950, 436350, 4.64001, 
390050, 436350, 7.34756, 
390150, 436350, 5.18014, 
390250, 436350, 0.266939, 
390350, 436350, 2.54736, 
390450, 436350, 3.51106, 
390550, 436350, 1.63916, 
390650, 436350, 1.64153, 
390750, 436350, 2.81708, 
390850, 436350, 1.25247, 
390950, 436350, 2.6019, 
391050, 436350, 2.49722, 
391150, 436350, 0.65594, 
391250, 436350, 0.971873, 
391350, 436350, 2.48781, 
391450, 436350, 3.82757, 
391550, 436350, 5.41743, 
391650, 436350, 3.29742, 
391750, 436350, 2.48726, 
391850, 436350, 4.32715, 
391950, 436350, 4.93039, 
392050, 436350, 3.62261, 
392150, 436350, 4.21118, 
392250, 436350, 3.49196, 
392350, 436350, 4.52132, 
392450, 436350, 5.04962, 
392550, 436350, 7.04003, 
392650, 436350, 8.47242, 
392750, 436350, 7.36136, 
392850, 436350, 6.1011, 
392950, 436350, 7.27473, 
393050, 436350, 6.27176, 
393150, 436350, 7.05106, 
393250, 436350, 6.81915, 
393350, 436350, 5.58527, 
393450, 436350, 5.22199, 
393550, 436350, 4.22778, 
393650, 436350, 7.53766, 
389150, 436450, 4.30766, 
389250, 436450, 2.20414, 
389350, 436450, 2.97916, 
389450, 436450, 7.93224, 
389550, 436450, 6.08372, 
389650, 436450, 6.1986, 
389750, 436450, 4.1776, 
389850, 436450, 4.59135, 
389950, 436450, 5.72741, 
390050, 436450, 5.54125, 
390150, 436450, 2.42296, 
390250, 436450, 1.58922, 
390350, 436450, 1.69332, 
390450, 436450, 3.45771, 
390550, 436450, 1.53951, 
390650, 436450, 1.98964, 
390750, 436450, 2.38999, 
390850, 436450, 2.013, 
390950, 436450, 1.90192, 
391050, 436450, 1.59183, 
391150, 436450, 1.12731, 
391250, 436450, 2.98698, 
391350, 436450, 3.453, 
391450, 436450, 4.84157, 
391550, 436450, 3.47649, 
391650, 436450, 2.43925, 
391750, 436450, 2.0288, 
391850, 436450, 2.78993, 
391950, 436450, 4.86252, 
392050, 436450, 3.16406, 
392150, 436450, 4.3056, 
392250, 436450, 2.87933, 
392350, 436450, 5.38689, 
392450, 436450, 5.20902, 
392550, 436450, 5.2797, 
392650, 436450, 6.66331, 
392750, 436450, 8.14138, 
392850, 436450, 7.27656, 
392950, 436450, 6.84405, 
393050, 436450, 6.66832, 
393150, 436450, 6.61221, 
393250, 436450, 7.4196, 
393350, 436450, 6.29458, 
393450, 436450, 5.56289, 
393550, 436450, 4.7599, 
393650, 436450, 4.8466, 
389150, 436550, 7.21872, 
389250, 436550, 2.93116, 
389350, 436550, 1.66762, 
389450, 436550, 2.33711, 
389550, 436550, 5.12257, 
389650, 436550, 4.26465, 
389750, 436550, 1.7227, 
389850, 436550, 3.07263, 
389950, 436550, 1.71174, 
390050, 436550, 0.670482, 
390150, 436550, 0.53893, 
390250, 436550, 1.30072, 
390350, 436550, 2.37073, 
390450, 436550, 2.53815, 
390550, 436550, 1.38158, 
390650, 436550, 2.37835, 
390750, 436550, 1.83435, 
390850, 436550, 2.41721, 
390950, 436550, 1.18448, 
391050, 436550, 1.61042, 
391150, 436550, 0.634945, 
391250, 436550, 5.92114, 
391350, 436550, 5.73407, 
391450, 436550, 2.54798, 
391550, 436550, 1.21132, 
391650, 436550, 0.571407, 
391750, 436550, 1.69177, 
391850, 436550, 3.81155, 
391950, 436550, 4.3331, 
392050, 436550, 3.79556, 
392150, 436550, 3.65715, 
392250, 436550, 4.48036, 
392350, 436550, 3.89184, 
392450, 436550, 4.13639, 
392550, 436550, 4.70924, 
392650, 436550, 5.45852, 
392750, 436550, 6.23507, 
392850, 436550, 7.56217, 
392950, 436550, 6.90715, 
393050, 436550, 6.67715, 
393150, 436550, 6.81999, 
393250, 436550, 6.82516, 
393350, 436550, 6.66737, 
393450, 436550, 6.77752, 
393550, 436550, 7.29502, 
393650, 436550, 5.61636, 
389150, 436650, 5.19266, 
389250, 436650, 4.51442, 
389350, 436650, 5.05983, 
389450, 436650, 3.13207, 
389550, 436650, 1.98714, 
389650, 436650, 3.74318, 
389750, 436650, 2.0645, 
389850, 436650, 3.20185, 
389950, 436650, 2.76214, 
390050, 436650, 1.85528, 
390150, 436650, 0.991336, 
390250, 436650, 1.84963, 
390350, 436650, 2.69781, 
390450, 436650, 1.85809, 
390550, 436650, 2.04861, 
390650, 436650, 2.53264, 
390750, 436650, 1.79315, 
390850, 436650, 1.93216, 
390950, 436650, 1.08725, 
391050, 436650, 0.943691, 
391150, 436650, 2.55009, 
391250, 436650, 7.44549, 
391350, 436650, 2.88081, 
391450, 436650, 1.23623, 
391550, 436650, 1.44481, 
391650, 436650, 1.24427, 
391750, 436650, 4.07117, 
391850, 436650, 3.92666, 
391950, 436650, 4.64719, 
392050, 436650, 2.62368, 
392150, 436650, 2.83664, 
392250, 436650, 2.51684, 
392350, 436650, 2.23722, 
392450, 436650, 3.36394, 
392550, 436650, 3.72972, 
392650, 436650, 4.22282, 
392750, 436650, 4.10006, 
392850, 436650, 5.85642, 
392950, 436650, 6.23349, 
393050, 436650, 8.15169, 
393150, 436650, 8.64045, 
393250, 436650, 6.83896, 
393350, 436650, 6.51201, 
393450, 436650, 6.43655, 
393550, 436650, 5.16396, 
393650, 436650, 5.18551, 
389150, 436750, 3.14187, 
389250, 436750, 4.92601, 
389350, 436750, 6.86693, 
389450, 436750, 2.69939, 
389550, 436750, 1.1068, 
389650, 436750, 1.05841, 
389750, 436750, 2.1767, 
389850, 436750, 2.97602, 
389950, 436750, 1.79876, 
390050, 436750, 3.14477, 
390150, 436750, 1.65839, 
390250, 436750, 2.64488, 
390350, 436750, 3.84286, 
390450, 436750, 2.76815, 
390550, 436750, 1.92966, 
390650, 436750, 2.41895, 
390750, 436750, 2.11708, 
390850, 436750, 1.6141, 
390950, 436750, 1.43336, 
391050, 436750, 2.76567, 
391150, 436750, 4.27551, 
391250, 436750, 4.75396, 
391350, 436750, 2.12835, 
391450, 436750, 0.889824, 
391550, 436750, 2.18633, 
391650, 436750, 2.33563, 
391750, 436750, 3.84765, 
391850, 436750, 2.85748, 
391950, 436750, 5.11852, 
392050, 436750, 2.92432, 
392150, 436750, 2.95991, 
392250, 436750, 2.98187, 
392350, 436750, 3.04936, 
392450, 436750, 2.08923, 
392550, 436750, 3.35554, 
392650, 436750, 4.0884, 
392750, 436750, 2.78269, 
392850, 436750, 3.69065, 
392950, 436750, 4.5667, 
393050, 436750, 5.14965, 
393150, 436750, 5.769, 
393250, 436750, 7.54306, 
393350, 436750, 7.3579, 
393450, 436750, 5.6824, 
393550, 436750, 5.85202, 
393650, 436750, 5.65431, 
389150, 436850, 2.50548, 
389250, 436850, 1.82395, 
389350, 436850, 3.17362, 
389450, 436850, 1.2515, 
389550, 436850, 1.88842, 
389650, 436850, 2.04219, 
389750, 436850, 2.66019, 
389850, 436850, 2.2138, 
389950, 436850, 3.31443, 
390050, 436850, 2.18442, 
390150, 436850, 2.19433, 
390250, 436850, 1.50121, 
390350, 436850, 1.81122, 
390450, 436850, 3.94998, 
390550, 436850, 6.14704, 
390650, 436850, 6.92973, 
390750, 436850, 7.33015, 
390850, 436850, 7.90802, 
390950, 436850, 8.35213, 
391050, 436850, 6.42633, 
391150, 436850, 2.68258, 
391250, 436850, 3.886, 
391350, 436850, 2.76119, 
391450, 436850, 2.75714, 
391550, 436850, 2.15533, 
391650, 436850, 0.866482, 
391750, 436850, 3.47762, 
391850, 436850, 3.50074, 
391950, 436850, 4.76816, 
392050, 436850, 4.36084, 
392150, 436850, 5.22264, 
392250, 436850, 5.98067, 
392350, 436850, 2.80448, 
392450, 436850, 1.90116, 
392550, 436850, 1.7089, 
392650, 436850, 2.52234, 
392750, 436850, 4.59685, 
392850, 436850, 3.09923, 
392950, 436850, 4.19122, 
393050, 436850, 4.85594, 
393150, 436850, 4.57549, 
393250, 436850, 5.18327, 
393350, 436850, 6.0054, 
393450, 436850, 5.96706, 
393550, 436850, 4.12662, 
393650, 436850, 4.1072, 
389150, 436950, 3.33926, 
389250, 436950, 2.35596, 
389350, 436950, 3.25989, 
389450, 436950, 2.28544, 
389550, 436950, 1.59125, 
389650, 436950, 2.76891, 
389750, 436950, 1.11133, 
389850, 436950, 1.25151, 
389950, 436950, 0.393557, 
390050, 436950, 2.29047, 
390150, 436950, 0.871142, 
390250, 436950, 1.07652, 
390350, 436950, 1.28866, 
390450, 436950, 1.43759, 
390550, 436950, 1.38803, 
390650, 436950, 0.836468, 
390750, 436950, 1.36388, 
390850, 436950, 2.1117, 
390950, 436950, 1.8285, 
391050, 436950, 2.06386, 
391150, 436950, 1.14528, 
391250, 436950, 3.28993, 
391350, 436950, 4.30726, 
391450, 436950, 3.5503, 
391550, 436950, 1.95721, 
391650, 436950, 1.39114, 
391750, 436950, 5.57983, 
391850, 436950, 3.17221, 
391950, 436950, 4.81867, 
392050, 436950, 4.46778, 
392150, 436950, 5.21559, 
392250, 436950, 4.33183, 
392350, 436950, 1.21838, 
392450, 436950, 1.80654, 
392550, 436950, 2.19222, 
392650, 436950, 2.00947, 
392750, 436950, 1.12097, 
392850, 436950, 2.89056, 
392950, 436950, 3.1167, 
393050, 436950, 2.95931, 
393150, 436950, 2.92028, 
393250, 436950, 4.02368, 
393350, 436950, 3.66292, 
393450, 436950, 3.74805, 
393550, 436950, 1.48872, 
393650, 436950, 3.29105, 
389150, 437050, 2.08353, 
389250, 437050, 2.5794, 
389350, 437050, 4.08885, 
389450, 437050, 4.52696, 
389550, 437050, 3.54696, 
389650, 437050, 2.96012, 
389750, 437050, 2.05941, 
389850, 437050, 0.450818, 
389950, 437050, 0.87916, 
390050, 437050, 1.92035, 
390150, 437050, 1.98258, 
390250, 437050, 1.02153, 
390350, 437050, 1.28883, 
390450, 437050, 1.85193, 
390550, 437050, 1.04642, 
390650, 437050, 1.25388, 
390750, 437050, 1.84564, 
390850, 437050, 1.36385, 
390950, 437050, 2.39435, 
391050, 437050, 1.56977, 
391150, 437050, 2.44815, 
391250, 437050, 4.86661, 
391350, 437050, 5.45156, 
391450, 437050, 3.78508, 
391550, 437050, 2.42931, 
391650, 437050, 4.40642, 
391750, 437050, 5.45982, 
391850, 437050, 2.67539, 
391950, 437050, 2.41309, 
392050, 437050, 5.48569, 
392150, 437050, 4.68199, 
392250, 437050, 3.36089, 
392350, 437050, 1.29336, 
392450, 437050, 1.86172, 
392550, 437050, 2.23715, 
392650, 437050, 2.06734, 
392750, 437050, 1.98526, 
392850, 437050, 4.37236, 
392950, 437050, 2.12742, 
393050, 437050, 2.11596, 
393150, 437050, 2.17613, 
393250, 437050, 5.47927, 
393350, 437050, 2.45463, 
393450, 437050, 2.37364, 
393550, 437050, 2.26571, 
393650, 437050, 2.69538, 
389150, 437150, 2.27007, 
389250, 437150, 2.21435, 
389350, 437150, 3.50742, 
389450, 437150, 5.49352, 
389550, 437150, 5.44812, 
389650, 437150, 3.25194, 
389750, 437150, 2.91341, 
389850, 437150, 1.39239, 
389950, 437150, 1.17943, 
390050, 437150, 2.32841, 
390150, 437150, 1.68615, 
390250, 437150, 2.46582, 
390350, 437150, 0.707833, 
390450, 437150, 1.22842, 
390550, 437150, 1.71233, 
390650, 437150, 1.92951, 
390750, 437150, 1.89007, 
390850, 437150, 2.26628, 
390950, 437150, 0.914357, 
391050, 437150, 2.68863, 
391150, 437150, 3.58209, 
391250, 437150, 2.84352, 
391350, 437150, 8.7313, 
391450, 437150, 6.88832, 
391550, 437150, 6.94272, 
391650, 437150, 6.06804, 
391750, 437150, 4.63226, 
391850, 437150, 1.52927, 
391950, 437150, 1.56114, 
392050, 437150, 5.65326, 
392150, 437150, 3.50301, 
392250, 437150, 3.63878, 
392350, 437150, 2.7549, 
392450, 437150, 2.51446, 
392550, 437150, 4.30117, 
392650, 437150, 6.73982, 
392750, 437150, 4.17355, 
392850, 437150, 3.90219, 
392950, 437150, 2.94812, 
393050, 437150, 3.43341, 
393150, 437150, 4.3658, 
393250, 437150, 2.83373, 
393350, 437150, 3.09027, 
393450, 437150, 2.97359, 
393550, 437150, 1.92111, 
393650, 437150, 2.26199, 
389150, 437250, 1.67644, 
389250, 437250, 3.05046, 
389350, 437250, 3.46172, 
389450, 437250, 4.78159, 
389550, 437250, 4.90553, 
389650, 437250, 3.54155, 
389750, 437250, 3.68829, 
389850, 437250, 1.95916, 
389950, 437250, 0.963623, 
390050, 437250, 2.59079, 
390150, 437250, 1.03086, 
390250, 437250, 2.12617, 
390350, 437250, 1.64672, 
390450, 437250, 1.17487, 
390550, 437250, 1.58106, 
390650, 437250, 1.64012, 
390750, 437250, 1.799, 
390850, 437250, 2.50944, 
390950, 437250, 3.93029, 
391050, 437250, 3.57353, 
391150, 437250, 2.36029, 
391250, 437250, 2.86091, 
391350, 437250, 9.84797, 
391450, 437250, 2.50434, 
391550, 437250, 3.84945, 
391650, 437250, 3.70743, 
391750, 437250, 1.79109, 
391850, 437250, 1.29855, 
391950, 437250, 4.41611, 
392050, 437250, 6.258, 
392150, 437250, 5.73155, 
392250, 437250, 5.40247, 
392350, 437250, 5.34477, 
392450, 437250, 5.27718, 
392550, 437250, 6.41307, 
392650, 437250, 3.0224, 
392750, 437250, 3.28579, 
392850, 437250, 3.03222, 
392950, 437250, 4.59553, 
393050, 437250, 4.07008, 
393150, 437250, 1.0583, 
393250, 437250, 2.09177, 
393350, 437250, 3.37913, 
393450, 437250, 2.15335, 
393550, 437250, 4.12194, 
393650, 437250, 4.42833, 
389150, 437350, 2.01614, 
389250, 437350, 4.01524, 
389350, 437350, 3.46134, 
389450, 437350, 2.54174, 
389550, 437350, 3.52525, 
389650, 437350, 2.67786, 
389750, 437350, 3.90634, 
389850, 437350, 2.81714, 
389950, 437350, 1.68655, 
390050, 437350, 1.96754, 
390150, 437350, 2.31796, 
390250, 437350, 1.05371, 
390350, 437350, 1.8351, 
390450, 437350, 1.49292, 
390550, 437350, 2.65233, 
390650, 437350, 4.9404, 
390750, 437350, 5.14399, 
390850, 437350, 5.05475, 
390950, 437350, 3.01879, 
391050, 437350, 1.71254, 
391150, 437350, 0.925374, 
391250, 437350, 3.55093, 
391350, 437350, 6.16143, 
391450, 437350, 2.83452, 
391550, 437350, 2.41446, 
391650, 437350, 2.24593, 
391750, 437350, 1.56754, 
391850, 437350, 1.46593, 
391950, 437350, 7.54055, 
392050, 437350, 5.97194, 
392150, 437350, 3.62896, 
392250, 437350, 3.30604, 
392350, 437350, 3.24554, 
392450, 437350, 3.78384, 
392550, 437350, 2.38874, 
392650, 437350, 2.27926, 
392750, 437350, 3.05501, 
392850, 437350, 2.01287, 
392950, 437350, 1.5375, 
393050, 437350, 1.26685, 
393150, 437350, 1.60313, 
393250, 437350, 2.21127, 
393350, 437350, 2.32266, 
393450, 437350, 1.21205, 
393550, 437350, 3.2956, 
393650, 437350, 4.00072, 
389150, 437450, 2.27302, 
389250, 437450, 4.5159, 
389350, 437450, 1.44746, 
389450, 437450, 2.55172, 
389550, 437450, 3.29134, 
389650, 437450, 3.44857, 
389750, 437450, 3.73444, 
389850, 437450, 2.54144, 
389950, 437450, 1.08783, 
390050, 437450, 2.52065, 
390150, 437450, 3.2999, 
390250, 437450, 1.84745, 
390350, 437450, 2.32064, 
390450, 437450, 2.5148, 
390550, 437450, 1.80935, 
390650, 437450, 1.25663, 
390750, 437450, 1.79203, 
390850, 437450, 1.19242, 
390950, 437450, 0.774597, 
391050, 437450, 2.23436, 
391150, 437450, 1.2125, 
391250, 437450, 3.37126, 
391350, 437450, 7.28554, 
391450, 437450, 2.97966, 
391550, 437450, 2.84501, 
391650, 437450, 2.78829, 
391750, 437450, 2.18705, 
391850, 437450, 4.83225, 
391950, 437450, 6.09033, 
392050, 437450, 3.4516, 
392150, 437450, 2.90296, 
392250, 437450, 2.58974, 
392350, 437450, 2.08851, 
392450, 437450, 2.57543, 
392550, 437450, 2.11515, 
392650, 437450, 1.25776, 
392750, 437450, 1.90962, 
392850, 437450, 2.22735, 
392950, 437450, 2.06236, 
393050, 437450, 1.77494, 
393150, 437450, 1.37513, 
393250, 437450, 1.31456, 
393350, 437450, 1.12438, 
393450, 437450, 0.83602, 
393550, 437450, 1.16951, 
393650, 437450, 1.65046, 
389150, 437550, 1.55746, 
389250, 437550, 3.71733, 
389350, 437550, 2.70348, 
389450, 437550, 2.84897, 
389550, 437550, 4.24874, 
389650, 437550, 4.42857, 
389750, 437550, 3.30058, 
389850, 437550, 1.5094, 
389950, 437550, 1.97265, 
390050, 437550, 2.074, 
390150, 437550, 3.04883, 
390250, 437550, 1.55471, 
390350, 437550, 1.09787, 
390450, 437550, 1.01951, 
390550, 437550, 1.0889, 
390650, 437550, 0.495076, 
390750, 437550, 0.485345, 
390850, 437550, 0.365802, 
390950, 437550, 1.37035, 
391050, 437550, 1.35058, 
391150, 437550, 1.61246, 
391250, 437550, 1.40093, 
391350, 437550, 9.48099, 
391450, 437550, 3.77277, 
391550, 437550, 2.31132, 
391650, 437550, 4.06791, 
391750, 437550, 4.8176, 
391850, 437550, 6.46445, 
391950, 437550, 4.27577, 
392050, 437550, 2.90541, 
392150, 437550, 4.22841, 
392250, 437550, 3.05287, 
392350, 437550, 1.8597, 
392450, 437550, 1.66751, 
392550, 437550, 1.2524, 
392650, 437550, 2.18462, 
392750, 437550, 1.99144, 
392850, 437550, 2.23015, 
392950, 437550, 1.97267, 
393050, 437550, 1.32058, 
393150, 437550, 1.02531, 
393250, 437550, 2.33703, 
393350, 437550, 1.98897, 
393450, 437550, 1.47997, 
393550, 437550, 1.79594, 
393650, 437550, 2.51568, 
389150, 437650, 1.15306, 
389250, 437650, 1.86787, 
389350, 437650, 2.46485, 
389450, 437650, 4.46679, 
389550, 437650, 3.46921, 
389650, 437650, 2.5731, 
389750, 437650, 1.39099, 
389850, 437650, 1.28415, 
389950, 437650, 1.89296, 
390050, 437650, 1.71482, 
390150, 437650, 3.17714, 
390250, 437650, 1.29161, 
390350, 437650, 1.18363, 
390450, 437650, 1.39026, 
390550, 437650, 1.27152, 
390650, 437650, 1.01395, 
390750, 437650, 0.637841, 
390850, 437650, 0.813178, 
390950, 437650, 1.23203, 
391050, 437650, 1.49669, 
391150, 437650, 2.02784, 
391250, 437650, 2.91869, 
391350, 437650, 6.03918, 
391450, 437650, 7.22695, 
391550, 437650, 2.43928, 
391650, 437650, 6.69693, 
391750, 437650, 5.23266, 
391850, 437650, 4.83767, 
391950, 437650, 2.96671, 
392050, 437650, 3.48152, 
392150, 437650, 3.63636, 
392250, 437650, 3.52696, 
392350, 437650, 3.16677, 
392450, 437650, 0.990774, 
392550, 437650, 0.935882, 
392650, 437650, 2.4321, 
392750, 437650, 2.31834, 
392850, 437650, 2.19078, 
392950, 437650, 1.8628, 
393050, 437650, 1.37363, 
393150, 437650, 0.737454, 
393250, 437650, 1.59048, 
393350, 437650, 1.52586, 
393450, 437650, 1.45577, 
393550, 437650, 1.80526, 
393650, 437650, 2.26757, 
389150, 437750, 1.03032, 
389250, 437750, 1.99674, 
389350, 437750, 3.33889, 
389450, 437750, 2.9722, 
389550, 437750, 1.77179, 
389650, 437750, 1.56897, 
389750, 437750, 1.56023, 
389850, 437750, 2.17408, 
389950, 437750, 2.61662, 
390050, 437750, 2.00681, 
390150, 437750, 3.35103, 
390250, 437750, 2.87393, 
390350, 437750, 1.14832, 
390450, 437750, 0.608291, 
390550, 437750, 0.889773, 
390650, 437750, 1.36351, 
390750, 437750, 1.4258, 
390850, 437750, 1.5406, 
390950, 437750, 1.88074, 
391050, 437750, 2.24255, 
391150, 437750, 3.16037, 
391250, 437750, 4.4281, 
391350, 437750, 7.78263, 
391450, 437750, 8.5189, 
391550, 437750, 3.22388, 
391650, 437750, 6.90324, 
391750, 437750, 4.66221, 
391850, 437750, 2.95698, 
391950, 437750, 2.73059, 
392050, 437750, 3.58139, 
392150, 437750, 4.72982, 
392250, 437750, 3.45351, 
392350, 437750, 1.18907, 
392450, 437750, 0.662641, 
392550, 437750, 1.07911, 
392650, 437750, 2.63367, 
392750, 437750, 2.11348, 
392850, 437750, 2.36857, 
392950, 437750, 1.42336, 
393050, 437750, 0.599224, 
393150, 437750, 1.08533, 
393250, 437750, 2.59167, 
393350, 437750, 1.33664, 
393450, 437750, 0.971642, 
393550, 437750, 1.4104, 
393650, 437750, 1.81907, 
389150, 437850, 0.794666, 
389250, 437850, 1.92712, 
389350, 437850, 1.97574, 
389450, 437850, 1.50142, 
389550, 437850, 1.54945, 
389650, 437850, 1.51213, 
389750, 437850, 2.6396, 
389850, 437850, 2.11622, 
389950, 437850, 1.86706, 
390050, 437850, 2.92197, 
390150, 437850, 3.27187, 
390250, 437850, 3.22702, 
390350, 437850, 0.881937, 
390450, 437850, 0.912495, 
390550, 437850, 1.40548, 
390650, 437850, 1.96576, 
390750, 437850, 1.77944, 
390850, 437850, 2.22436, 
390950, 437850, 2.76527, 
391050, 437850, 3.8974, 
391150, 437850, 5.32801, 
391250, 437850, 6.55814, 
391350, 437850, 6.67796, 
391450, 437850, 4.4336, 
391550, 437850, 3.29534, 
391650, 437850, 4.43206, 
391750, 437850, 6.30696, 
391850, 437850, 2.99998, 
391950, 437850, 2.8966, 
392050, 437850, 5.14897, 
392150, 437850, 4.38634, 
392250, 437850, 2.77492, 
392350, 437850, 1.09486, 
392450, 437850, 0.951791, 
392550, 437850, 1.20432, 
392650, 437850, 1.65233, 
392750, 437850, 2.33275, 
392850, 437850, 2.4036, 
392950, 437850, 1.87639, 
393050, 437850, 0.997036, 
393150, 437850, 1.13419, 
393250, 437850, 1.61056, 
393350, 437850, 1.21583, 
393450, 437850, 2.01033, 
393550, 437850, 1.7725, 
393650, 437850, 2.28335, 
389150, 437950, 1.34709, 
389250, 437950, 1.91761, 
389350, 437950, 1.24181, 
389450, 437950, 1.00681, 
389550, 437950, 1.26536, 
389650, 437950, 3.82736, 
389750, 437950, 3.33037, 
389850, 437950, 3.19526, 
389950, 437950, 1.68957, 
390050, 437950, 3.89729, 
390150, 437950, 3.62789, 
390250, 437950, 1.17096, 
390350, 437950, 1.44633, 
390450, 437950, 1.64943, 
390550, 437950, 2.40955, 
390650, 437950, 3.02437, 
390750, 437950, 3.52227, 
390850, 437950, 2.84573, 
390950, 437950, 3.90995, 
391050, 437950, 5.69763, 
391150, 437950, 5.3086, 
391250, 437950, 4.96575, 
391350, 437950, 2.85681, 
391450, 437950, 2.82774, 
391550, 437950, 3.73318, 
391650, 437950, 2.60451, 
391750, 437950, 4.33557, 
391850, 437950, 4.57708, 
391950, 437950, 3.97225, 
392050, 437950, 5.69872, 
392150, 437950, 3.42689, 
392250, 437950, 1.79187, 
392350, 437950, 1.92658, 
392450, 437950, 1.3874, 
392550, 437950, 0.765728, 
392650, 437950, 1.28677, 
392750, 437950, 2.41919, 
392850, 437950, 1.6952, 
392950, 437950, 1.39574, 
393050, 437950, 1.31018, 
393150, 437950, 2.07188, 
393250, 437950, 1.45878, 
393350, 437950, 1.11007, 
393450, 437950, 1.08434, 
393550, 437950, 1.48383, 
393650, 437950, 1.71971, 
389150, 438050, 2.14665, 
389250, 438050, 2.43791, 
389350, 438050, 2.1565, 
389450, 438050, 1.86558, 
389550, 438050, 2.34094, 
389650, 438050, 2.09298, 
389750, 438050, 2.61729, 
389850, 438050, 3.74944, 
389950, 438050, 3.3955, 
390050, 438050, 2.99023, 
390150, 438050, 1.2394, 
390250, 438050, 2.20826, 
390350, 438050, 2.42213, 
390450, 438050, 2.87471, 
390550, 438050, 3.7396, 
390650, 438050, 3.595, 
390750, 438050, 2.66932, 
390850, 438050, 3.228, 
390950, 438050, 3.85195, 
391050, 438050, 4.03745, 
391150, 438050, 2.98007, 
391250, 438050, 2.65626, 
391350, 438050, 2.57195, 
391450, 438050, 3.72184, 
391550, 438050, 4.23339, 
391650, 438050, 4.41814, 
391750, 438050, 5.07677, 
391850, 438050, 5.73483, 
391950, 438050, 5.00806, 
392050, 438050, 3.43684, 
392150, 438050, 3.12027, 
392250, 438050, 1.64709, 
392350, 438050, 1.97675, 
392450, 438050, 2.16292, 
392550, 438050, 0.879485, 
392650, 438050, 0.876529, 
392750, 438050, 2.12409, 
392850, 438050, 1.70457, 
392950, 438050, 1.45336, 
393050, 438050, 1.8103, 
393150, 438050, 1.12314, 
393250, 438050, 1.14891, 
393350, 438050, 0.753458, 
393450, 438050, 1.34642, 
393550, 438050, 1.17806, 
393650, 438050, 0.883515, 
389150, 438150, 3.37873, 
389250, 438150, 2.6649, 
389350, 438150, 1.98015, 
389450, 438150, 1.43645, 
389550, 438150, 1.01304, 
389650, 438150, 1.22424, 
389750, 438150, 1.39339, 
389850, 438150, 1.49649, 
389950, 438150, 3.70807, 
390050, 438150, 3.32784, 
390150, 438150, 2.47544, 
390250, 438150, 2.45994, 
390350, 438150, 4.38786, 
390450, 438150, 4.96222, 
390550, 438150, 4.00824, 
390650, 438150, 3.3883, 
390750, 438150, 3.91703, 
390850, 438150, 3.91427, 
390950, 438150, 3.13146, 
391050, 438150, 2.56988, 
391150, 438150, 2.19498, 
391250, 438150, 2.34972, 
391350, 438150, 2.48679, 
391450, 438150, 4.35699, 
391550, 438150, 2.75755, 
391650, 438150, 4.52381, 
391750, 438150, 4.16403, 
391850, 438150, 4.25239, 
391950, 438150, 3.90894, 
392050, 438150, 2.87276, 
392150, 438150, 1.15387, 
392250, 438150, 1.47336, 
392350, 438150, 2.323, 
392450, 438150, 1.76647, 
392550, 438150, 1.43786, 
392650, 438150, 1.29228, 
392750, 438150, 1.84603, 
392850, 438150, 1.38995, 
392950, 438150, 0.572326, 
393050, 438150, 1.03559, 
393150, 438150, 0.85057, 
393250, 438150, 1.14475, 
393350, 438150, 0.72646, 
393450, 438150, 0.436301, 
393550, 438150, 0.518149, 
393650, 438150, 0.845553, 
389150, 438250, 2.61289, 
389250, 438250, 2.39441, 
389350, 438250, 0.994175, 
389450, 438250, 2.19604, 
389550, 438250, 2.52548, 
389650, 438250, 1.87887, 
389750, 438250, 1.70261, 
389850, 438250, 0.898355, 
389950, 438250, 1.6182, 
390050, 438250, 3.57094, 
390150, 438250, 5.06931, 
390250, 438250, 6.71784, 
390350, 438250, 6.84476, 
390450, 438250, 5.91539, 
390550, 438250, 2.77192, 
390650, 438250, 3.0751, 
390750, 438250, 3.47375, 
390850, 438250, 3.33462, 
390950, 438250, 2.97471, 
391050, 438250, 2.50975, 
391150, 438250, 1.56999, 
391250, 438250, 2.4119, 
391350, 438250, 4.34835, 
391450, 438250, 3.87993, 
391550, 438250, 5.09391, 
391650, 438250, 4.32048, 
391750, 438250, 4.4139, 
391850, 438250, 2.9799, 
391950, 438250, 2.94452, 
392050, 438250, 2.84682, 
392150, 438250, 2.20003, 
392250, 438250, 1.1916, 
392350, 438250, 1.76205, 
392450, 438250, 2.55501, 
392550, 438250, 1.79769, 
392650, 438250, 1.37409, 
392750, 438250, 1.40092, 
392850, 438250, 1.98712, 
392950, 438250, 1.12109, 
393050, 438250, 0.289138, 
393150, 438250, 1.6316, 
393250, 438250, 1.00128, 
393350, 438250, 1.11968, 
393450, 438250, 0.676128, 
393550, 438250, 0.675883, 
393650, 438250, 0.945619, 
389150, 438350, 2.87192, 
389250, 438350, 2.64414, 
389350, 438350, 2.65253, 
389450, 438350, 3.00902, 
389550, 438350, 2.42949, 
389650, 438350, 3.81566, 
389750, 438350, 2.27282, 
389850, 438350, 1.52813, 
389950, 438350, 1.66058, 
390050, 438350, 2.76902, 
390150, 438350, 2.8133, 
390250, 438350, 4.80153, 
390350, 438350, 5.65692, 
390450, 438350, 7.21085, 
390550, 438350, 4.99959, 
390650, 438350, 5.22063, 
390750, 438350, 6.52073, 
390850, 438350, 7.68484, 
390950, 438350, 4.20571, 
391050, 438350, 2.38645, 
391150, 438350, 1.73979, 
391250, 438350, 2.44015, 
391350, 438350, 4.03667, 
391450, 438350, 2.28903, 
391550, 438350, 6.5444, 
391650, 438350, 3.50659, 
391750, 438350, 2.92575, 
391850, 438350, 2.53501, 
391950, 438350, 1.9473, 
392050, 438350, 2.57715, 
392150, 438350, 2.6254, 
392250, 438350, 1.35449, 
392350, 438350, 2.42388, 
392450, 438350, 2.68547, 
392550, 438350, 2.96502, 
392650, 438350, 1.33887, 
392750, 438350, 1.61713, 
392850, 438350, 2.16095, 
392950, 438350, 1.53335, 
393050, 438350, 0.949684, 
393150, 438350, 2.8151, 
393250, 438350, 1.81471, 
393350, 438350, 0.869741, 
393450, 438350, 0.695381, 
393550, 438350, 1.01235, 
393650, 438350, 3.09179, 
389150, 438450, 3.15531, 
389250, 438450, 3.24391, 
389350, 438450, 4.3302, 
389450, 438450, 3.39903, 
389550, 438450, 4.32938, 
389650, 438450, 3.07961, 
389750, 438450, 2.67058, 
389850, 438450, 1.89529, 
389950, 438450, 2.19456, 
390050, 438450, 2.38311, 
390150, 438450, 5.47704, 
390250, 438450, 6.04679, 
390350, 438450, 6.14546, 
390450, 438450, 6.15625, 
390550, 438450, 7.00416, 
390650, 438450, 5.15307, 
390750, 438450, 4.27526, 
390850, 438450, 4.76908, 
390950, 438450, 4.72698, 
391050, 438450, 3.42834, 
391150, 438450, 2.24433, 
391250, 438450, 2.97641, 
391350, 438450, 4.10414, 
391450, 438450, 5.86577, 
391550, 438450, 3.78304, 
391650, 438450, 4.48482, 
391750, 438450, 1.99561, 
391850, 438450, 1.68159, 
391950, 438450, 1.68958, 
392050, 438450, 2.20618, 
392150, 438450, 4.22821, 
392250, 438450, 1.25661, 
392350, 438450, 2.14653, 
392450, 438450, 2.85297, 
392550, 438450, 3.60916, 
392650, 438450, 2.79971, 
392750, 438450, 2.19981, 
392850, 438450, 2.54428, 
392950, 438450, 1.34872, 
393050, 438450, 2.22002, 
393150, 438450, 1.83605, 
393250, 438450, 2.0369, 
393350, 438450, 2.03137, 
393450, 438450, 2.35327, 
393550, 438450, 4.23178, 
393650, 438450, 6.74395, 
389150, 438550, 3.37411, 
389250, 438550, 4.65336, 
389350, 438550, 4.49909, 
389450, 438550, 4.8061, 
389550, 438550, 3.16491, 
389650, 438550, 2.64137, 
389750, 438550, 2.69994, 
389850, 438550, 2.56959, 
389950, 438550, 3.1732, 
390050, 438550, 2.86199, 
390150, 438550, 2.02456, 
390250, 438550, 1.66168, 
390350, 438550, 2.4708, 
390450, 438550, 4.08724, 
390550, 438550, 5.43927, 
390650, 438550, 3.55099, 
390750, 438550, 2.05603, 
390850, 438550, 2.22625, 
390950, 438550, 4.82839, 
391050, 438550, 4.73642, 
391150, 438550, 2.26496, 
391250, 438550, 4.18594, 
391350, 438550, 3.47769, 
391450, 438550, 4.63076, 
391550, 438550, 4.01522, 
391650, 438550, 5.51785, 
391750, 438550, 1.37245, 
391850, 438550, 1.67257, 
391950, 438550, 1.43105, 
392050, 438550, 1.73891, 
392150, 438550, 3.42266, 
392250, 438550, 2.11237, 
392350, 438550, 1.2408, 
392450, 438550, 1.24064, 
392550, 438550, 2.15469, 
392650, 438550, 1.71245, 
392750, 438550, 1.5669, 
392850, 438550, 1.71902, 
392950, 438550, 2.00968, 
393050, 438550, 3.44761, 
393150, 438550, 2.21828, 
393250, 438550, 2.06209, 
393350, 438550, 2.68663, 
393450, 438550, 3.51171, 
393550, 438550, 4.3748, 
393650, 438550, 8.96817, 
389150, 438650, 5.38199, 
389250, 438650, 6.23199, 
389350, 438650, 3.93696, 
389450, 438650, 3.45919, 
389550, 438650, 3.218, 
389650, 438650, 3.33014, 
389750, 438650, 2.92698, 
389850, 438650, 3.3223, 
389950, 438650, 3.12198, 
390050, 438650, 3.18467, 
390150, 438650, 3.06519, 
390250, 438650, 2.65189, 
390350, 438650, 1.83818, 
390450, 438650, 3.31514, 
390550, 438650, 5.884, 
390650, 438650, 4.17331, 
390750, 438650, 2.03193, 
390850, 438650, 2.28715, 
390950, 438650, 2.39222, 
391050, 438650, 4.13031, 
391150, 438650, 2.57117, 
391250, 438650, 3.53317, 
391350, 438650, 3.96332, 
391450, 438650, 3.33726, 
391550, 438650, 3.18559, 
391650, 438650, 5.0002, 
391750, 438650, 2.0184, 
391850, 438650, 1.83629, 
391950, 438650, 1.46559, 
392050, 438650, 2.21363, 
392150, 438650, 2.04028, 
392250, 438650, 3.56328, 
392350, 438650, 3.168, 
392450, 438650, 2.89088, 
392550, 438650, 1.15515, 
392650, 438650, 1.90557, 
392750, 438650, 1.53534, 
392850, 438650, 1.75195, 
392950, 438650, 1.62616, 
393050, 438650, 4.38485, 
393150, 438650, 2.63952, 
393250, 438650, 2.80182, 
393350, 438650, 3.19944, 
393450, 438650, 7.3303, 
393550, 438650, 10.3752, 
393650, 438650, 6.41673, 
389150, 438750, 5.25799, 
389250, 438750, 3.30224, 
389350, 438750, 3.57727, 
389450, 438750, 4.23437, 
389550, 438750, 4.18893, 
389650, 438750, 3.54097, 
389750, 438750, 3.52872, 
389850, 438750, 3.89771, 
389950, 438750, 3.38089, 
390050, 438750, 3.07083, 
390150, 438750, 2.94925, 
390250, 438750, 2.36631, 
390350, 438750, 2.41235, 
390450, 438750, 2.98819, 
390550, 438750, 4.42792, 
390650, 438750, 4.29808, 
390750, 438750, 2.78715, 
390850, 438750, 2.96213, 
390950, 438750, 1.91109, 
391050, 438750, 4.24418, 
391150, 438750, 2.77838, 
391250, 438750, 2.87013, 
391350, 438750, 4.24122, 
391450, 438750, 3.28715, 
391550, 438750, 2.30659, 
391650, 438750, 2.73131, 
391750, 438750, 1.81551, 
391850, 438750, 1.63107, 
391950, 438750, 1.88171, 
392050, 438750, 2.21155, 
392150, 438750, 2.15904, 
392250, 438750, 2.40229, 
392350, 438750, 3.71959, 
392450, 438750, 3.10929, 
392550, 438750, 1.92267, 
392650, 438750, 1.60738, 
392750, 438750, 1.8122, 
392850, 438750, 1.97829, 
392950, 438750, 3.91577, 
393050, 438750, 3.28114, 
393150, 438750, 2.42391, 
393250, 438750, 4.30849, 
393350, 438750, 9.11024, 
393450, 438750, 8.68126, 
393550, 438750, 2.74563, 
393650, 438750, 4.88769, 
389150, 438850, 2.14597, 
389250, 438850, 3.03086, 
389350, 438850, 4.19728, 
389450, 438850, 4.63395, 
389550, 438850, 4.12385, 
389650, 438850, 4.05556, 
389750, 438850, 4.42094, 
389850, 438850, 4.12255, 
389950, 438850, 3.43364, 
390050, 438850, 2.57571, 
390150, 438850, 1.71415, 
390250, 438850, 1.4163, 
390350, 438850, 1.89643, 
390450, 438850, 3.17353, 
390550, 438850, 3.40462, 
390650, 438850, 3.91374, 
390750, 438850, 3.83304, 
390850, 438850, 2.64587, 
390950, 438850, 1.81364, 
391050, 438850, 3.63021, 
391150, 438850, 2.9413, 
391250, 438850, 4.02705, 
391350, 438850, 3.11824, 
391450, 438850, 2.96966, 
391550, 438850, 2.05192, 
391650, 438850, 2.26643, 
391750, 438850, 1.43231, 
391850, 438850, 1.50578, 
391950, 438850, 1.50426, 
392050, 438850, 2.09964, 
392150, 438850, 2.20003, 
392250, 438850, 2.45281, 
392350, 438850, 2.44314, 
392450, 438850, 2.56911, 
392550, 438850, 1.7062, 
392650, 438850, 3.02417, 
392750, 438850, 3.24309, 
392850, 438850, 3.14227, 
392950, 438850, 3.03167, 
393050, 438850, 1.73257, 
393150, 438850, 3.42942, 
393250, 438850, 7.55379, 
393350, 438850, 6.4125, 
393450, 438850, 4.79262, 
393550, 438850, 5.1369, 
393650, 438850, 2.91812, 
389150, 438950, 3.58267, 
389250, 438950, 3.11166, 
389350, 438950, 3.16569, 
389450, 438950, 3.89136, 
389550, 438950, 3.77714, 
389650, 438950, 3.45317, 
389750, 438950, 3.58667, 
389850, 438950, 3.88721, 
389950, 438950, 3.54675, 
390050, 438950, 2.70469, 
390150, 438950, 1.79288, 
390250, 438950, 1.96698, 
390350, 438950, 2.86627, 
390450, 438950, 3.19751, 
390550, 438950, 4.16941, 
390650, 438950, 4.76443, 
390750, 438950, 3.18465, 
390850, 438950, 1.81833, 
390950, 438950, 2.52341, 
391050, 438950, 3.95239, 
391150, 438950, 2.06794, 
391250, 438950, 3.85331, 
391350, 438950, 5.20115, 
391450, 438950, 4.7009, 
391550, 438950, 1.57077, 
391650, 438950, 1.74003, 
391750, 438950, 1.41734, 
391850, 438950, 1.0779, 
391950, 438950, 1.16008, 
392050, 438950, 1.97913, 
392150, 438950, 1.41882, 
392250, 438950, 2.04818, 
392350, 438950, 2.00738, 
392450, 438950, 3.05318, 
392550, 438950, 3.20059, 
392650, 438950, 3.13555, 
392750, 438950, 3.45021, 
392850, 438950, 2.52065, 
392950, 438950, 3.0896, 
393050, 438950, 5.93778, 
393150, 438950, 7.79882, 
393250, 438950, 6.24657, 
393350, 438950, 4.69279, 
393450, 438950, 2.804, 
393550, 438950, 4.0463, 
393650, 438950, 3.5708, 
389150, 439050, 3.68603, 
389250, 439050, 3.54917, 
389350, 439050, 3.702, 
389450, 439050, 5.14429, 
389550, 439050, 5.47986, 
389650, 439050, 4.40418, 
389750, 439050, 3.41066, 
389850, 439050, 3.84333, 
389950, 439050, 4.6397, 
390050, 439050, 2.20355, 
390150, 439050, 1.56687, 
390250, 439050, 1.09991, 
390350, 439050, 2.45329, 
390450, 439050, 3.61676, 
390550, 439050, 3.84563, 
390650, 439050, 3.90163, 
390750, 439050, 2.23869, 
390850, 439050, 2.49116, 
390950, 439050, 2.27799, 
391050, 439050, 5.05771, 
391150, 439050, 1.89351, 
391250, 439050, 4.09141, 
391350, 439050, 5.64897, 
391450, 439050, 1.44388, 
391550, 439050, 0.963585, 
391650, 439050, 0.881371, 
391750, 439050, 0.934776, 
391850, 439050, 1.14474, 
391950, 439050, 1.70163, 
392050, 439050, 1.47, 
392150, 439050, 1.55068, 
392250, 439050, 1.43335, 
392350, 439050, 3.08537, 
392450, 439050, 3.64012, 
392550, 439050, 3.24427, 
392650, 439050, 3.61286, 
392750, 439050, 2.9534, 
392850, 439050, 4.1934, 
392950, 439050, 5.45598, 
393050, 439050, 5.89736, 
393150, 439050, 4.99531, 
393250, 439050, 2.85661, 
393350, 439050, 3.56884, 
393450, 439050, 3.96213, 
393550, 439050, 1.80698, 
393650, 439050, 2.92954, 
389150, 439150, 2.9286, 
389250, 439150, 1.95855, 
389350, 439150, 5.25056, 
389450, 439150, 5.62541, 
389550, 439150, 2.82191, 
389650, 439150, 2.75872, 
389750, 439150, 2.99268, 
389850, 439150, 3.03727, 
389950, 439150, 3.9827, 
390050, 439150, 3.34322, 
390150, 439150, 2.58493, 
390250, 439150, 1.9245, 
390350, 439150, 3.684, 
390450, 439150, 4.17974, 
390550, 439150, 3.47063, 
390650, 439150, 3.23737, 
390750, 439150, 2.26105, 
390850, 439150, 4.98134, 
390950, 439150, 3.51206, 
391050, 439150, 4.85698, 
391150, 439150, 3.94106, 
391250, 439150, 5.94869, 
391350, 439150, 4.21406, 
391450, 439150, 0.521767, 
391550, 439150, 0.568067, 
391650, 439150, 0.502027, 
391750, 439150, 1.56378, 
391850, 439150, 1.13459, 
391950, 439150, 2.45985, 
392050, 439150, 0.599716, 
392150, 439150, 1.45513, 
392250, 439150, 2.54432, 
392350, 439150, 2.85835, 
392450, 439150, 2.6014, 
392550, 439150, 2.51835, 
392650, 439150, 3.34211, 
392750, 439150, 3.42846, 
392850, 439150, 3.06945, 
392950, 439150, 4.03201, 
393050, 439150, 3.69872, 
393150, 439150, 2.98779, 
393250, 439150, 4.22123, 
393350, 439150, 5.52943, 
393450, 439150, 2.54234, 
393550, 439150, 3.13814, 
393650, 439150, 4.69758, 
389150, 439250, 3.72595, 
389250, 439250, 3.77631, 
389350, 439250, 5.62306, 
389450, 439250, 4.1734, 
389550, 439250, 3.05642, 
389650, 439250, 2.54493, 
389750, 439250, 2.66609, 
389850, 439250, 4.29376, 
389950, 439250, 3.22135, 
390050, 439250, 2.35375, 
390150, 439250, 2.55365, 
390250, 439250, 3.0857, 
390350, 439250, 4.16685, 
390450, 439250, 3.08176, 
390550, 439250, 3.2932, 
390650, 439250, 2.85826, 
390750, 439250, 3.20294, 
390850, 439250, 3.13478, 
390950, 439250, 2.51275, 
391050, 439250, 1.4297, 
391150, 439250, 6.51258, 
391250, 439250, 5.10811, 
391350, 439250, 1.09228, 
391450, 439250, 0.740768, 
391550, 439250, 0.856242, 
391650, 439250, 1.02537, 
391750, 439250, 1.29395, 
391850, 439250, 0.98376, 
391950, 439250, 1.70305, 
392050, 439250, 1.59105, 
392150, 439250, 2.26012, 
392250, 439250, 2.59396, 
392350, 439250, 1.88706, 
392450, 439250, 2.5432, 
392550, 439250, 2.83317, 
392650, 439250, 2.24517, 
392750, 439250, 3.618, 
392850, 439250, 3.83622, 
392950, 439250, 2.5322, 
393050, 439250, 1.9309, 
393150, 439250, 4.65732, 
393250, 439250, 4.45014, 
393350, 439250, 3.65076, 
393450, 439250, 2.55594, 
393550, 439250, 3.83699, 
393650, 439250, 7.8082, 
389150, 439350, 4.39724, 
389250, 439350, 5.11436, 
389350, 439350, 5.54742, 
389450, 439350, 2.43015, 
389550, 439350, 2.5706, 
389650, 439350, 3.19642, 
389750, 439350, 2.74203, 
389850, 439350, 4.21539, 
389950, 439350, 3.59821, 
390050, 439350, 1.90636, 
390150, 439350, 2.59721, 
390250, 439350, 2.72962, 
390350, 439350, 2.7818, 
390450, 439350, 2.99154, 
390550, 439350, 3.26549, 
390650, 439350, 2.90776, 
390750, 439350, 3.43153, 
390850, 439350, 1.69528, 
390950, 439350, 3.0956, 
391050, 439350, 5.26698, 
391150, 439350, 6.51803, 
391250, 439350, 2.70247, 
391350, 439350, 0.775781, 
391450, 439350, 0.716798, 
391550, 439350, 0.517818, 
391650, 439350, 1.59261, 
391750, 439350, 0.855667, 
391850, 439350, 0.978953, 
391950, 439350, 2.45709, 
392050, 439350, 2.50703, 
392150, 439350, 1.9375, 
392250, 439350, 1.45798, 
392350, 439350, 1.77294, 
392450, 439350, 2.40333, 
392550, 439350, 3.6754, 
392650, 439350, 4.16549, 
392750, 439350, 2.36392, 
392850, 439350, 2.22223, 
392950, 439350, 1.99663, 
393050, 439350, 2.12997, 
393150, 439350, 4.92966, 
393250, 439350, 4.82044, 
393350, 439350, 3.31874, 
393450, 439350, 3.82727, 
393550, 439350, 6.44514, 
393650, 439350, 6.74584, 
389150, 439450, 5.36927, 
389250, 439450, 6.3599, 
389350, 439450, 3.85202, 
389450, 439450, 1.74507, 
389550, 439450, 1.34915, 
389650, 439450, 1.75674, 
389750, 439450, 2.15134, 
389850, 439450, 2.61228, 
389950, 439450, 4.95314, 
390050, 439450, 2.82191, 
390150, 439450, 2.54213, 
390250, 439450, 2.68976, 
390350, 439450, 2.56597, 
390450, 439450, 3.22741, 
390550, 439450, 3.045, 
390650, 439450, 2.34418, 
390750, 439450, 3.00532, 
390850, 439450, 3.12213, 
390950, 439450, 2.39483, 
391050, 439450, 8.31987, 
391150, 439450, 3.31955, 
391250, 439450, 0.946628, 
391350, 439450, 0.602717, 
391450, 439450, 0.427782, 
391550, 439450, 0.378741, 
391650, 439450, 1.30896, 
391750, 439450, 0.925105, 
391850, 439450, 0.98161, 
391950, 439450, 1.30636, 
392050, 439450, 1.14364, 
392150, 439450, 1.35887, 
392250, 439450, 1.20206, 
392350, 439450, 1.6387, 
392450, 439450, 1.71661, 
392550, 439450, 1.8439, 
392650, 439450, 1.87612, 
392750, 439450, 3.20373, 
392850, 439450, 2.91156, 
392950, 439450, 2.74631, 
393050, 439450, 3.27633, 
393150, 439450, 2.85297, 
393250, 439450, 3.01065, 
393350, 439450, 4.65537, 
393450, 439450, 5.51077, 
393550, 439450, 5.06808, 
393650, 439450, 2.63694, 
389150, 439550, 3.28569, 
389250, 439550, 4.61249, 
389350, 439550, 2.69178, 
389450, 439550, 1.54706, 
389550, 439550, 1.57807, 
389650, 439550, 2.41723, 
389750, 439550, 3.41854, 
389850, 439550, 3.15419, 
389950, 439550, 5.03168, 
390050, 439550, 5.88605, 
390150, 439550, 2.88347, 
390250, 439550, 3.07056, 
390350, 439550, 4.05897, 
390450, 439550, 2.56032, 
390550, 439550, 1.27915, 
390650, 439550, 1.68394, 
390750, 439550, 3.74012, 
390850, 439550, 4.42597, 
390950, 439550, 7.72163, 
391050, 439550, 5.03859, 
391150, 439550, 2.0151, 
391250, 439550, 1.49531, 
391350, 439550, 0.334326, 
391450, 439550, 0.609953, 
391550, 439550, 0.478267, 
391650, 439550, 1.00798, 
391750, 439550, 0.866934, 
391850, 439550, 1.24232, 
391950, 439550, 1.0696, 
392050, 439550, 1.10722, 
392150, 439550, 0.663001, 
392250, 439550, 0.769226, 
392350, 439550, 1.34271, 
392450, 439550, 1.65429, 
392550, 439550, 2.01254, 
392650, 439550, 1.9278, 
392750, 439550, 1.03893, 
392850, 439550, 1.11465, 
392950, 439550, 1.18757, 
393050, 439550, 2.75897, 
393150, 439550, 2.9957, 
393250, 439550, 3.0473, 
393350, 439550, 5.85612, 
393450, 439550, 5.18315, 
393550, 439550, 3.70248, 
393650, 439550, 2.74504, 
389150, 439650, 4.7038, 
389250, 439650, 4.78336, 
389350, 439650, 3.54354, 
389450, 439650, 3.50028, 
389550, 439650, 3.55249, 
389650, 439650, 3.40906, 
389750, 439650, 3.35563, 
389850, 439650, 3.09486, 
389950, 439650, 3.61865, 
390050, 439650, 6.01596, 
390150, 439650, 5.23902, 
390250, 439650, 2.98171, 
390350, 439650, 2.05778, 
390450, 439650, 1.01476, 
390550, 439650, 1.35254, 
390650, 439650, 2.25325, 
390750, 439650, 7.28667, 
390850, 439650, 2.97361, 
390950, 439650, 7.60026, 
391050, 439650, 3.62949, 
391150, 439650, 2.71193, 
391250, 439650, 1.00741, 
391350, 439650, 1.09405, 
391450, 439650, 0.608807, 
391550, 439650, 0.225495, 
391650, 439650, 0.188317, 
391750, 439650, 0.344725, 
391850, 439650, 0.349296, 
391950, 439650, 0.453366, 
392050, 439650, 0.453393, 
392150, 439650, 0.513155, 
392250, 439650, 0.80344, 
392350, 439650, 1.60079, 
392450, 439650, 1.62024, 
392550, 439650, 1.27577, 
392650, 439650, 1.72061, 
392750, 439650, 2.07731, 
392850, 439650, 1.15761, 
392950, 439650, 1.88472, 
393050, 439650, 1.64007, 
393150, 439650, 2.36489, 
393250, 439650, 3.45195, 
393350, 439650, 6.29296, 
393450, 439650, 3.89789, 
393550, 439650, 2.58558, 
393650, 439650, 2.85437, 
389150, 439750, 7.17107, 
389250, 439750, 4.38138, 
389350, 439750, 3.909, 
389450, 439750, 6.62444, 
389550, 439750, 5.28797, 
389650, 439750, 4.34507, 
389750, 439750, 4.36004, 
389850, 439750, 4.06288, 
389950, 439750, 2.97752, 
390050, 439750, 3.47576, 
390150, 439750, 5.60141, 
390250, 439750, 7.09855, 
390350, 439750, 3.95228, 
390450, 439750, 2.11437, 
390550, 439750, 1.82728, 
390650, 439750, 3.12331, 
390750, 439750, 7.03133, 
390850, 439750, 3.52793, 
390950, 439750, 7.81023, 
391050, 439750, 4.1771, 
391150, 439750, 2.9859, 
391250, 439750, 1.35677, 
391350, 439750, 1.37567, 
391450, 439750, 0.864055, 
391550, 439750, 0.462051, 
391650, 439750, 0.513865, 
391750, 439750, 0.585458, 
391850, 439750, 0.603824, 
391950, 439750, 1.05252, 
392050, 439750, 0.942766, 
392150, 439750, 0.556097, 
392250, 439750, 1.61368, 
392350, 439750, 1.57185, 
392450, 439750, 1.51166, 
392550, 439750, 1.17879, 
392650, 439750, 1.21767, 
392750, 439750, 1.34974, 
392850, 439750, 2.28891, 
392950, 439750, 1.25223, 
393050, 439750, 3.36701, 
393150, 439750, 1.50658, 
393250, 439750, 3.93435, 
393350, 439750, 4.9989, 
393450, 439750, 3.68725, 
393550, 439750, 3.27198, 
393650, 439750, 4.01192, 
389150, 439850, 3.1837, 
389250, 439850, 9.87377, 
389350, 439850, 5.63852, 
389450, 439850, 3.49813, 
389550, 439850, 3.90917, 
389650, 439850, 3.04351, 
389750, 439850, 3.69722, 
389850, 439850, 5.28709, 
389950, 439850, 4.60824, 
390050, 439850, 5.05516, 
390150, 439850, 3.58177, 
390250, 439850, 4.23694, 
390350, 439850, 5.1242, 
390450, 439850, 5.8933, 
390550, 439850, 4.86501, 
390650, 439850, 1.78618, 
390750, 439850, 5.31973, 
390850, 439850, 3.89525, 
390950, 439850, 3.43128, 
391050, 439850, 6.81484, 
391150, 439850, 3.66057, 
391250, 439850, 5.71418, 
391350, 439850, 1.37743, 
391450, 439850, 1.70958, 
391550, 439850, 1.56085, 
391650, 439850, 1.60815, 
391750, 439850, 1.55016, 
391850, 439850, 1.25654, 
391950, 439850, 2.08037, 
392050, 439850, 1.45, 
392150, 439850, 2.67289, 
392250, 439850, 1.73378, 
392350, 439850, 1.69653, 
392450, 439850, 1.46081, 
392550, 439850, 1.21736, 
392650, 439850, 1.86566, 
392750, 439850, 1.80749, 
392850, 439850, 0.557825, 
392950, 439850, 1.77988, 
393050, 439850, 2.38017, 
393150, 439850, 1.773, 
393250, 439850, 2.95, 
393350, 439850, 4.54681, 
393450, 439850, 4.00136, 
393550, 439850, 4.02566, 
393650, 439850, 3.2537, 
389150, 439950, 2.93845, 
389250, 439950, 4.14232, 
389350, 439950, 5.57265, 
389450, 439950, 4.40738, 
389550, 439950, 3.51894, 
389650, 439950, 3.05392, 
389750, 439950, 4.11016, 
389850, 439950, 3.36543, 
389950, 439950, 2.42393, 
390050, 439950, 1.14402, 
390150, 439950, 3.04956, 
390250, 439950, 4.49956, 
390350, 439950, 3.69692, 
390450, 439950, 1.97275, 
390550, 439950, 3.27743, 
390650, 439950, 4.38293, 
390750, 439950, 6.35601, 
390850, 439950, 2.98109, 
390950, 439950, 4.2505, 
391050, 439950, 4.72595, 
391150, 439950, 4.4274, 
391250, 439950, 1.89354, 
391350, 439950, 3.2495, 
391450, 439950, 1.32833, 
391550, 439950, 2.16577, 
391650, 439950, 1.14322, 
391750, 439950, 1.51847, 
391850, 439950, 2.02028, 
391950, 439950, 3.1989, 
392050, 439950, 2.01375, 
392150, 439950, 1.76765, 
392250, 439950, 2.33289, 
392350, 439950, 2.63033, 
392450, 439950, 2.50758, 
392550, 439950, 3.76777, 
392650, 439950, 2.13881, 
392750, 439950, 1.25297, 
392850, 439950, 1.24091, 
392950, 439950, 1.08829, 
393050, 439950, 1.45761, 
393150, 439950, 1.43028, 
393250, 439950, 2.90393, 
393350, 439950, 4.00052, 
393450, 439950, 4.12965, 
393550, 439950, 3.45229, 
393650, 439950, 3.89953, 
389150, 440050, 1.776, 
389250, 440050, 1.94856, 
389350, 440050, 3.45031, 
389450, 440050, 4.15103, 
389550, 440050, 4.67278, 
389650, 440050, 5.24709, 
389750, 440050, 5.48516, 
389850, 440050, 3.91859, 
389950, 440050, 3.86244, 
390050, 440050, 3.38288, 
390150, 440050, 3.55317, 
390250, 440050, 0.875503, 
390350, 440050, 2.82339, 
390450, 440050, 4.5672, 
390550, 440050, 3.02136, 
390650, 440050, 2.76836, 
390750, 440050, 1.28799, 
390850, 440050, 2.137, 
390950, 440050, 3.83948, 
391050, 440050, 4.62861, 
391150, 440050, 4.92787, 
391250, 440050, 1.6778, 
391350, 440050, 2.27314, 
391450, 440050, 4.48129, 
391550, 440050, 4.45466, 
391650, 440050, 5.61301, 
391750, 440050, 3.00059, 
391850, 440050, 2.46295, 
391950, 440050, 2.21235, 
392050, 440050, 2.16951, 
392150, 440050, 1.95657, 
392250, 440050, 2.85459, 
392350, 440050, 1.82419, 
392450, 440050, 2.45814, 
392550, 440050, 1.11495, 
392650, 440050, 1.03902, 
392750, 440050, 1.34947, 
392850, 440050, 0.811481, 
392950, 440050, 1.10592, 
393050, 440050, 1.86062, 
393150, 440050, 1.78289, 
393250, 440050, 2.02656, 
393350, 440050, 3.14455, 
393450, 440050, 3.47939, 
393550, 440050, 3.30542, 
393650, 440050, 3.48651, 
